,x_GJ.100.0,x_GJ.125.0,x_GJ.200.0,x_Tout.100.0,x_Tout.125.0,x_Tout.200.0,x_max.100.0,x_max.125.0,x_max.200.0
2,0.5392233000000001,0.5607302,0.5609062,517.5585,800.5264,869.3508,1063.3210000000001,2126.658,2178.801
3,0.5383193000000001,0.5589218,0.5589083,525.162,815.5446,887.2736,607.8945,1097.5330000000001,1159.006
4,0.5377751999999999,0.5578163,0.5577229,531.2611,828.3734,901.5286,608.0246,1074.475,1173.654
5,0.5377360999999999,0.5577248,0.5576886999999999,533.8839,834.5656,907.1637,543.6455,948.5057,1006.467
6,0.5406601,0.5638850000000001,0.5644971999999999,505.6093,774.1162,836.7593,0.7706310000000001,0.7376475,0.7360685
7,0.5387765,0.5595863,0.5596171,523.5915,815.9908,887.0703,1135140.0,2937575.0,2857817.0
8,0.672621,0.6788674,0.6795449,504.6189,808.5649,856.7173,75000000.0,192643300.0,187412200.0
9,0.6685258000000001,0.6705001,0.6705424,525.5472,856.3828,910.8376,,,
10,0.6664146,0.6662729000000001,0.6660181,537.4415,883.4866,941.1359,,,
11,0.6662009,0.6659165,0.665713,539.8696,888.8377,946.222,,,
12,0.6696196,0.6730014,0.6734493,522.3912,847.9385,898.9524,,,
13,0.5373057,0.5567843000000001,0.5566800000000001,539.715,847.8069,921.6606,,,
14,0.5374211999999999,0.5565923,0.5562738,537.6333,847.93,924.441,,,
15,0.6680179,0.669029,0.6688542,529.1119,867.6068,924.0008,,,
16,0.7718335,0.7535204000000001,0.7542376000000001,507.6585,842.7397,885.0728,,,
17,0.7683774,0.7467499,0.7470107,519.8547,872.1284,917.9017,,,
18,0.7649861,0.7401368,0.7400831,534.7185,908.7135,957.2782,,,
19,0.7664565999999999,0.7432131999999999,0.743538,530.7348,898.2184,944.2281,,,
20,0.665701,0.6648629,0.6645920999999999,543.4001,897.3876,955.5322,,,
21,0.5368925,0.5558854999999999,0.5556564,543.5211,856.2764,931.9543,,,
22,0.5368918,0.5553263,0.5548348000000001,543.5302,862.5417,941.7724,,,
23,0.6657048000000001,0.6638997,0.6632062,542.4651,901.5641,963.12,,,
24,0.7680255,0.7452978,0.7452645999999999,521.4697,879.8648,927.4724,,,
25,0.7732816,0.7451941999999999,0.7447484999999999,531.7729,906.3628,956.6028,,,
26,0.7706333000000001,0.7402340000000001,0.7395885999999999,543.6345,935.1279,987.3181,,,
27,0.7646235,0.7394028,0.7393028,536.3878,912.9664,961.9059,,,
28,0.6657059000000001,0.6647816,0.6644315,542.4577,895.613,954.3397,,,
29,0.5374215999999999,0.5569566,0.5568083,537.6273,843.8785,918.1064,,,
30,0.5373048,0.5560419,0.5555916,539.7269,856.1075,934.6318,,,
31,0.6656994,0.6634973000000001,0.6626953000000001,543.4112,906.6121,969.1441,,,
32,0.7646215999999999,0.7376814,0.7369640000000001,536.3969,921.6523,974.3499,,,
33,0.7731629,0.7438608,0.7430142,532.3066,913.2797,965.9643,,,
34,0.7742861999999999,0.7462015000000001,0.7455228,527.8141,901.3282,952.6177,,,
35,0.7731640000000001,0.7449569,0.7444959,532.3014,907.7183,958.0789,,,
36,0.7680264,0.7460325,0.7462529,521.4656,876.2202,922.3214,,,
37,0.6680183000000001,0.6694285,0.6694076999999999,529.1085,864.9605,920.1163,,,
38,0.5387767,0.5597555999999999,0.5598645999999999,523.5886,814.1254,884.1715,,,
39,0.5406591,0.5630801,0.5633252,505.6217,782.8219,850.2236,,,
40,0.6696178,0.6713177,0.6711248000000001,522.4044,858.9744,915.0703,,,
41,0.7664539,0.7406213,0.7400326,530.7476,911.1553,962.6593,,,
42,0.7706310000000001,0.7376475,0.7360685,543.6455,948.5057,1006.467,,,
43,0.7742861999999999,0.7461993,0.7455199,527.8141,901.3378,952.6317,,,
44,0.7718335,0.7535270000000001,0.7542462,507.6585,842.6997,885.0198,,,
45,0.672621,0.6788786,0.6795598,504.6188,808.4773,856.5978,,,
46,0.5377349,0.5566849,0.556167,533.8995,846.1862,925.2756,,,
47,0.6661986999999999,0.6637188,0.6626683000000001,539.8857,903.8724,968.2998,,,
48,0.7649831,0.7365451,0.7352261,534.7335,927.4348,983.87,,,
49,0.7732791999999999,0.7410041,0.7391227,531.7842,928.7731,988.0254,,,
50,0.774285,0.7433436999999999,0.7417064,527.8199,916.8011,974.1497,,,
51,0.7732805,0.7440891,0.7432551,531.7782,911.9597,964.5375,,,
52,0.7683765,0.746017,0.7460245,519.8587,875.743,923.0145,,,
53,0.6685253000000001,0.6701161,0.6700108,525.5505,858.8868,914.5132,,,
54,0.5392231,0.5605794,0.5606848000000001,517.5609,802.1241,871.8608,,,
55,0.5377739,0.5565959,0.5559384,531.2783,842.0996,922.8832,,,
56,0.6664121999999999,0.6635485999999999,0.6622555999999999,537.4594,902.5377,968.9381,,,
57,0.7683744,0.7418144,0.7404253000000001,519.8694,898.3209,954.3924,,,
58,0.7731616,0.740757,0.7388553000000001,532.3129,930.1964,989.6087,,,
59,0.7706310000000001,0.7376235999999999,0.7360359999999999,543.6458,948.628,1006.643,,,
60,0.7649842,0.7383965,0.737721,534.7277,917.4656,969.8033,,,
61,0.6664135,0.6653939999999999,0.6647968000000001,537.4488,889.3578,949.8033,,,
62,0.5383189,0.5585768,0.5584011999999999,525.1675,819.2635,893.1204,,,
63,0.5383179,0.5575616,0.5569265999999999,525.1804,830.9912,911.1599,,,
64,0.6685233,0.6675038000000001,0.6664249,525.5654,877.3237,941.1234,,,
65,0.7718305999999999,0.7485324999999999,0.7476154,507.6729,868.7006,920.9645,,,
66,0.7680233,0.7410781999999999,0.7396381,521.4807,902.5863,959.0775,,,
67,0.7646204000000001,0.7357710999999999,0.7343864,536.4033,931.9557,988.9125,,,
68,0.7664538000000001,0.7405773,0.7399733000000001,530.748,911.3846,962.9827,,,
69,0.6661993,0.6645312,0.6637903,539.8809,898.1528,959.9509,,,
70,0.5377745,0.5572613000000001,0.5569096,531.27,834.4955,911.0951,,,
71,0.5392219,0.559346,0.5588960999999999,517.5774,816.2906,893.5867,,,
72,0.6726187,0.6761578,0.6758593,504.6358,826.8419,882.7767,,,
73,0.6680158,0.6663978,0.6652361999999999,529.1273,886.2545,950.9766,,,
74,0.6657033,0.6620014,0.6605890999999999,542.4766,915.2144,982.9716,,,
75,0.6656986,0.6626068,0.6614646,543.4172,912.931,978.3734,,,
76,0.6696177,0.6712723,0.6710628000000001,522.405,859.298,915.5327,,,
77,0.5377352,0.5569685999999999,0.5565821,533.896,842.9832,920.2842,,,
78,0.5387753000000001,0.5583365,0.557804,523.6086,830.444,909.2283,,,
79,0.5374201999999999,0.5555364,0.5547369000000001,537.6476,860.298,943.5121,,,
80,0.536891,0.5545978,0.5537701,543.5404,871.0563,954.9801,,,
81,0.5373044,0.5556955,0.5550856,539.7321,860.1249,940.8573,,,
82,0.5406591,0.56305,0.5632821,505.6225,783.1886,850.7693,,,
